version https://git-lfs.github.com/spec/v1
oid sha256:dfb96f663dcc25c2e69c10cdafb3e993bf6334725374504c00e8ec912118639d
size 70643785
